name: monodepth
channels:
  - menpo
  - conda-forge
  - defaults
dependencies:
  - absl-py=0.7.0=py27_1000
  - astor=0.7.1=py_0
  - backports=1.0=py_2
  - backports.weakref=1.0.post1=py27_1000
  - blas=1.0=mkl
  - bzip2=1.0.6=h1de35cc_1002
  - c-ares=1.15.0=h1de35cc_1001
  - ca-certificates=2018.11.29=ha4d7672_0
  - cairo=1.14.6=4
  - certifi=2018.11.29=py27_1000
  - enum34=1.1.6=py27_1001
  - ffmpeg=3.2.4=hf82bc7d_4
  - fontconfig=2.12.1=4
  - freetype=2.7=1
  - funcsigs=1.0.2=py_3
  - futures=3.2.0=py27_1000
  - gast=0.2.1.post0=py_0
  - gettext=0.19.8.1=hcca000d_1001
  - giflib=5.1.4=h1de35cc_1001
  - glib=2.51.4=0
  - grpcio=1.16.0=py27h9011c5e_1000
  - harfbuzz=1.3.4=2
  - hdf5=1.8.18=3
  - icu=58.2=h0a44026_1000
  - intel-openmp=2019.1=144
  - jasper=1.900.1=h636a363_1005
  - jpeg=9c=h1de35cc_1001
  - libcxx=4.0.1=hcfea43d_1
  - libcxxabi=4.0.1=hcfea43d_1
  - libedit=3.1.20181209=hb402a30_0
  - libffi=3.2.1=h475c297_4
  - libgfortran=3.0.1=h93005f0_2
  - libiconv=1.15=h1de35cc_1004
  - libopenblas=0.3.3=hdc02c5d_3
  - libpng=1.6.36=ha441bb4_1000
  - libprotobuf=3.6.1=hd9629dc_1000
  - libtiff=4.0.10=h79f4b77_1001
  - libwebp=0.5.2=7
  - libxml2=2.9.8=hf14e9c8_1005
  - markdown=2.6.11=py_0
  - mkl=2019.1=144
  - mkl_fft=1.0.10=py27_0
  - mkl_random=1.0.2=py27_0
  - mock=2.0.0=py27_1000
  - ncurses=6.1=h0a44026_1
  - numpy=1.13.3=py27ha726252_3
  - numpy-base=1.15.4=py27h6575580_0
  - openblas=0.2.19=2
  - opencv=2.4.13=np113py27_1
  - opencv3=3.1.0=py27_0
  - openssl=1.0.2p=h1de35cc_1002
  - pbr=5.1.1=py_0
  - pcre=8.41=h0a44026_1003
  - pip=18.1=py27_0
  - pixman=0.34.0=h1de35cc_1003
  - protobuf=3.6.1=py27h0a44026_1001
  - python=2.7.15=h61312e0_1004
  - readline=7.0=h1de35cc_5
  - setuptools=40.6.3=py27_0
  - six=1.12.0=py27_1000
  - sqlite=3.26.0=ha441bb4_0
  - tbb=4.3_20141023=0
  - tensorboard=1.10.0=py27_0
  - tensorflow=1.10.0=py27_0
  - termcolor=1.1.0=py_2
  - tk=8.6.8=ha441bb4_0
  - werkzeug=0.14.1=py_0
  - wheel=0.32.3=py27_0
  - x264=1!152.20180717=h1de35cc_1001
  - xz=5.2.4=h1de35cc_4
  - zlib=1.2.11=h1de35cc_3
prefix: /Users/younes/miniconda3/envs/monodepth

